11050
11250
48477
45234
52085
63390
49474
30951
26752
62175
10466
31722
59361
63606
29073
33130
48195
26523
40178
18528
14102
45454
23011
38385
48357
54959
26424
61503
44791
40241
133
62834
65261
6276
42809
34400
42247
24575
56993
44049
9497
47474
59189
5389
4659
43428
20459
50719
2749
15641
27335
34703
65438
57234
40823
16011
7748
29823
64206
45143
22539
20043
42957
46241
1826
39579
40308
5049
29387
56838
22462
53045
8092
61243
63566
23937
44601
20430
28813
5536
8238
54413
4593
11747
22824
55395
64867
61747
38797
1950
51055
14471
64475
34416
22327
31743
28519
26780
37280
34484
51805
16880
910
48147
52094
60350
9512
3036
43867
23238
24513
60564
1459
47113
3993
41480
51154
36074
54712
32848
26400
11617
45868
61934
2352
6319
19003
39858
33622
34719
59875
49316
17599
3581
36931
56883
51289
6289
10270
39753
5238
12686
61441
30121
60161
40743
11748
57099
34441
62336
15223
40994
21694
5679
13689
43619
56916
50893
32211
62234
40188
29024
5375
23164
39540
51581
3577
63814
26019
9109
63534
54794
54583
5539
45028
64057
42846
62847
11890
3348
56745
17270
31677
2467
38848
43055
2292
50037
39145
40218
29927
52721
55386
6959
60250
61967
54420
17643
5723
51335
35687
12835
33098
51451
13423
5978
40193
19431
16289
33304
33267
41777
52881
25006
33773
46697
25171
58105
35378
2669
56007
40766
31161
64108
3033
24037
23820
16467
4846
20212
4431
63264
34819
38210
18844
40980
33651
39719
37853
42821
61732
45014
36010
37395
37955
65066
42205
46472
37298
1099
17286
47442
983
17938
56399
39009
34244
16081
60645
30884
26397
23186
5793
61832
17117
32467
33746
60393
33394
61431
64727
36723
16836
63219
63479
63439
30970
58014
13049
6518
862
60859
9677
8423
24806
20074
44505
8551
3782
39344
30843
28932
17568
38425
60587
4073
21535
14282
3691
53295
63955
30335
13838
8901
38104
59244
37094
56484
32963
61956
33652
32489
3930
19302
60984
31664
53127
22767
31008
10741
45410
43933
52529
4958
1532
62283
41987
39296
33140
22363
57341
39738
2185
55691
14924
26722
50475
21618
13237
30906
26908
22827
50800
44219
42853
64419
14614
27126
22249
56041
30699
23433
50796
65278
35393
38854
1741
41066
20512
8446
8124
31535
24704
18052
42867
55127
1268
5861
17401
8418
17502
33509
32138
28747
15908
52429
39729
14265
49562
38594
13743
57368
50543
10182
50819
14464
53192
1985
53991
29256
23813
47595
55756
149
12185
24619
57780
7131
13028
21507
15590
11441
13346
2151
49459
52630
21259
48616
33185
64907
20141
1511
58577
7553
3507
46233
24718
17663
15056
35456
60011
48989
496
34570
23587
16049
55267
56693
16907
44063
24680
60712
16119
58208
37909
19890
60796
2251
1293
65184
50947
14925
52401
35583
36717
54596
14846
33113
21810
26749
44632
64037
39652
11220
20732
8632
26026
49589
61243
22096
62767
25228
50204
35103
60048
60272
13476
14378
50589
45000
14759
45365
24645
13880
5197
59758
32682
2923
39488
17641
38735
44565
26973
16902
28001
59041
25554
23118
48486
1803
9222
10712
8489
64578
34526
21165
9322
30417
53793
49381
16192
60443
26390
14450
41780
49462
56889
7526
138
35772
2938
34012
12663
14569
59880
1516
43404
55185
9552
53639
36152
14988
46976
3027
61870
14181
22704
39993
19858
46165
52814
61554
24
22933
7299
60822
50101
41116
25606
19941
13513
16525
39725
26005
28780
63000
7447
4698
28104
15964
14386
60123
41368
29874
58626
31545
55672
33392
49830
64619
93
57891
30438
58262
45179
36315
59177
28465
30205
48596
11751
59323
25270
23191
10172
13161
53911
12206
23588
5577
56391
17080
31422
38890
3655
63943
46668
41396
34975
48266
46546
25551
53861
33064
22821
22800
41729
53495
5251
2311
13773
38422
36223
24970
13579
51650
32223
9410
15490
32918
46706
8942
56616
62828
42861
31958
47124
64027
50388
7197
6136
34518
55082
43894
39811
10633
8789
18524
20758
34543
53618
46321
45738
27411
17831
10441
28875
34557
29446
54594
62037
43404
2196
31739
62862
16989
37525
60840
17291
21296
26634
11272
59753
42692
2165
7321
49611
32791
36185
370
11418
51793
9836
13506
57628
46255
57144
14276
40984
12048
31944
63970
54858
50959
24668
9953
46013
21416
34068
17587
59577
53749
53414
53821
48454
63843
44593
28987
2688
52413
56626
21899
18041
47048
20641
50470
12511
21420
10969
54433
12815
28264
17736
52759
27696
26708
11743
51857
12335
58796
13304
4599
43998
30189
37101
21054
31915
30647
12930
52681
28694
45556
25742
18658
19013
60078
63528
59782
26663
1376
28614
63839
36768
48624
48291
47600
8668
1847
49541
21824
9138
3104
54571
41853
31532
13675
4611
40648
14549
52230
17690
13248
32036
34104
39502
52598
20175
43677
49960
53480
41940
39012
51098
58586
42349
61663
10074
45373
23719
24877
38670
60328
4740
59430
53532
26304
45440
49855
30254
12119
57214
63532
22562
60747
44132
51317
15124
1740
64452
18945
50691
54227
64683
25162
10008
21709
25245
5004
43449
52143
52201
12599
60829
41287
3174
53083
37226
41741
32280
53863
26658
48804
9269
36078
55843
29160
19883
17532
63433
38575
33860
13741
20606
35631
20885
30284
37880
59602
44220
6972
53315
38392
32883
51923
11462
31145
33212
25577
60555
3297
45396
25157
22349
29228
7862
62025
44277
17415
28641
17524
12588
29431
63100
13671
38893
42
46806
7422
1969
11879
18577
59132
38172
39919
18692
5613
38546
12960
44453
7577
44666
45648
28266
33228
41247
60078
7755
16585
22947
18350
20480
29261
16468
50245
24643
23936
48732
29975
2630
3329
32574
54765
14331
4457
25203
43955
54220
27605
50829
22415
5398
50151
48736
49254
16933
6968
10068
48558
12831
11221
33114
4636
52487
54320
52292
19914
18610
12642
46778
18258
11405
58550
47086
37036
3272
5002
37355
20939
5339
54571
32208
7588
39665
22801
24891
41351
7833
15803
54078
55288
59033
32007
2894
45672
24826
27379
44141
56838
65212
30501
34304
27167
24413
25837
6442
6100
45203
14494
59653
3654
29095
10454
15369
35104
43299
63020
6540
62673
48098
26801
34321
18722
47036
41081
36776
29478
7898
61834
55357
18571
15564
15391
24928
64144
18603
60570
19266
56449
8600
58095
37517
49892
12666
35829
9605
23448
61114
6196
41982
56961
